1319524292
1320576037
1321627542
1322679142
1323730807
1324782267
1325834402
1326886662
1327939112
1328991382
1330043632
1331096062
1332147922
1333199927
1334251707
1335303772
1336356012
1337407862
1338459477
1339511522
1340563341
1341615081
1342666667
1343718331
1344770046
1345821871
1346873816
1347925401
1348976661
1350028081
1351079926
1352131526
1353183341
1354234671
1355286286
1356337946
1357389461
1358441366
1359492886
1360544206
1361595771
1362647106
1363698381
1364749636
1365800621
1366851711
1367902461
1368953406
1370003966
1371054971
1372105751
1373156411
1374207160
1375258030
1376309341
1377360240
1378410870
1379461521
1380512425
1381562886
1382613815
1383663965
1384714445
1385764745
1386815105
1387865195
1388915370
1389965520
1391016035
1392066145
1393116520
1394167070
1395217905
1396268425
1397319485
1398370415
1399421090
1400471830
1401522200
1402572985
1403624420
1404675780
1405726495
1406777509
1407828759
1408880139
1409931439
1410982504
1412033804
1413085274
1414136374
1415187689
1416238864
