1910488614
1910777359
1911066014
1911354249
1911642894
1911931544
1912220159
1912508849
1912797514
1913086284
1913374949
1913663589
1913952324
1914240869
1914529569
1914818265
1915107059
1915395844
1915684544
1915973299
1916262164
1916550804
1916839224
1917127874
1917416204
1917704564
1917993309
1918282009
1918570734
1918859189
1919147499
1919435824
1919724659
1920013414
1920302239
1920591119
1920880034
1921168724
1921457114
1921745414
1922034144
1922322924
1922611714
1922900084
1923189029
1923477904
1923766669
1924055439
1924344364
1924632554
1924921914
1925210529
1925499074
1925788029
1926076874
1926365684
1926654534
1926942784
1927231024
1927519314
1927808009
1928096649
1928385404
1928673809
1928961994
1929250584
1929539314
1929828073
1930116764
1930405538
1930694344
1930983153
1931271358
1931560263
1931849018
1932137578
1932426133
1932714813
1933004034
1933292708
1933581063
1933869898
1934158773
1934447639
1934736413
1935025288
1935313618
1935602448
1935891093
1936179984
1936468403
1936757278
1937046248
1937335118
1937624138
1937913003
1938201853
1938490879
1938779718
1939068043
1939357048
1939645498
1939934018
1940222498
1940511383
1940799723
1941088738
1941377638
1941666684
1941955528
1942243928
1942532928
1942822018
1943110808
1943399708
1943688713
1943977463
1944266408
1944555418
1944843698
1945132708
1945421573
1945709893
1945999078
1946287858
1946576318
1946865033
1947153958
1947442343
1947731288
1948020193
1948309128
1948597948
1948886743
1949175128
1949464028
1949752923
1950041443
1950330398
1950619403
1950908473
1951197303
1951486223
1951775233
1952064248
1952353103
1952642008
1952931048
1953220023
1953508468
1953797433
1954086468
1954375483
1954664348
1954953288
1955242308
1955531213
1955820198
1956109253
1956397608
1956686203
1956975243
1957264388
1957553388
1957842578
1958131533
1958419953
1958709128
1958998058
1959287013
1959576023
1959865148
1960154268
1960443248
1960732259
1961021323
1961310278
1961599258
1961888508
1962176943
1962465638
1962754738
1963043693
1963332882
1963621227
1963910417
1964199377
1964488422
1964777657
1965066063
1965355282
1965644252
1965933337
1966222522
1966511512
1966800602
1967089793
1967378892
1967668073
1967957227
1968246227
1968535442
1968824437
1969113567
1969402842
1969691142
1969979947
1970269227
1970558372
1970847447
1971136512
1971425547
1971714082
1972003362
1972292592
1972581727
1972870277
1973159722
1973448747
1973738032
1974026387
1974315673
1974604777
1974893362
1975182762
1975471967
1975761182
1976050337
1976339477
1976628672
1976917252
1977205877
1977494672
1977784017
1978072537
1978361812
1978650727
1978939617
1979228927
1979518122
1979807252
1980096347
1980385577
1980674842
1980964102
1981253202
1981542372
1981831602
