603341329
604338314
605336519
606335219
607333654
608332574
609331964
610332304
611332324
612333089
613334204
614335539
615336844
616336944
617337484
618337649
619337954
620338923
621339928
622337313
623336928
624339433
625342718
626347143
627350468
628352768
629355818
630359198
631363633
632367908
633372458
634377868
635383148
636389038
637394933
638400758
639406598
640412998
641418948
642425298
643431588
644438778
645448228
646455363
647462623
648469528
649477823
650485188
651492758
652500572
653509402
654517432
655525602
656534008
657541977
658551107
659560132
660569627
661579267
662588892
663598957
664611697
665622197
666632252
667643117
668653867
669664752
670675857
671689552
672703752
673717407
674731922
675746382
676760622
677775847
678791442
679809537
680827337
681845727
682863242
683881482
684900151
685918661
686936186
687954291
688972556
689990741
691009222
692028056
693046401
694064931
695084491
696104786
697124106
698143526
699162947
700182181
701202056
702221576
703246141
704270446
705294856
706319621
707344356
708369126
709394556
710420146
711445716
712471706
713497511
714523081
715548736
716574201
717599461
718625171
719651190
720677555
721703840
722730180
723755920
724782005
725808165
726834360
727860870
728887165
729914155
730941090
731967870
732994490
734021200
735047795
736075710
737103020
738129465
739156840
740184315
741211535
742238385
743265290
744293055
745320415
746348145
747375325
748402390
749429375
750456734
751484580
752511854
753539519
754566474
755593374
756620339
757648199
758676139
759704244
760732439
761760799
762789269
763817644
764846029
765874899
766903619
767932274
768961389
769990344
771019259
772048074
773076804
774105799
775134634
776163424
777192619
778222479
779252394
780282459
781312304
782342394
783372513
784402563
785432593
786466599
787500988
788536138
789570729
790606618
791642188
792677824
793713453
794748933
795785153
796821143
797856963
798892778
799927673
800963733
802000068
803035373
804072733
805108463
806144823
807181608
808217783
809254213
810290383
811326638
812362898
813399393
814435643
815471103
816506882
817542242
818578652
819615122
820651752
821688178
822722957
823757618
824792112
825826967
826862922
827898737
828935162
829972087
831008577
832045212
833081463
834119027
835157002
836195162
837233322
838271647
839310552
840349672
841388837
842428277
843467282
844505517
