3877619139
3877693394
3877768004
3877811834
3877880544
3877954524
3878026519
3878077594
3878143919
3878214529
3878256634
3878323884
3878398684
3878471509
3878545709
3878594889
3878662169
3878722799
3878786029
3878858409
3878914099
3878979109
3879053229
3879101549
3879167974
3879242004
3879313514
3879371039
3879434814
3879509104
3879573839
3879641504
3879714769
3879775864
3879838129
3879910734
3879953924
3880021494
3880095679
3880166654
3880236059
3880299924
3880367719
3880442134
3880515934
3880555074
3880617434
3880691254
3880734004
3880802319
3880876739
3880947759
3881011349
3881079389
3881153039
3881202779
3881269354
3881342744
3881390104
3881457319
3881531259
3881604834
3881676614
3881735944
3881797019
3881869639
3881912289
3881980004
3882054609
3882128174
3882200714
3882275554
3882348644
3882422594
3882498969
3882575334
3882652284
3882729049
3882802194
3882863714
3882929909
3883005334
3883081679
3883158064
3883229024
3883302359
3883347969
3883412029
3883482889
3883534364
3883601594
3883662764
3883728879
3883803754
3883880369
3883956614
3884029664
3884104429
3884177609
3884249794
3884323969
3884365614
3884433994
3884508599
3884579529
3884654194
3884714939
3884781219
3884855129
3884927599
3884966879
3885028329
3885101754
3885144289
3885212104
3885286419
3885358574
3885432859
3885475164
3885542889
3885618029
3885690289
3885759654
3885835494
3885874724
3885938334
3886008979
3886072259
3886139004
3886209769
3886275089
3886342094
3886415944
3886458364
3886525544
3886599864
3886674524
3886748524
3886822014
3886891254
3886965694
3887038034
3887096229
3887159534
3887233819
3887298764
3887366084
3887439459
3887501849
3887567604
3887639944
3887702774
3887769829
3887842879
3887902964
3887963294
3888037154
3888085964
3888153094
3888226774
3888300094
3888370759
3888445179
3888496764
3888562389
3888636794
3888709769
3888780929
3888855114
3888925669
3888988154
3889056744
3889132394
3889207604
3889250504
3889319029
3889392834
3889464624
3889538579
3889586499
3889654999
3889720644
3889787904
3889861719
3889904414
3889972719
3890046569
3890118549
3890185064
3890254649
3890328319
3890378639
3890445559
3890518814
3890558829
3890623779
3890697739
3890767129
3890834249
3890901414
3890974399
3891019369
3891082944
3891154519
3891204264
3891271624
3891334984
3891402069
3891471969
3891545464
3891599939
3891665204
3891739854
3891810494
3891884764
3891958129
3892031299
3892093534
3892159134
3892234139
3892294359
3892357214
3892428984
3892475634
3892540134
3892613809
3892660559
3892726579
3892800474
3892876049
3892924454
3892991259
3893065344
3893137239
3893185819
3893252544
3893325934
3893398089
3893442959
3893506774
3893579804
3893636829
3893701504
3893775969
3893852959
3893924279
3893998299
3894044099
3894110179
3894184044
3894260224
3894333459
3894406414
3894446489
3894509979
3894581714
3894655794
3894728694
3894801334
3894872734
3894913859
3894979409
3895055009
3895130069
3895206644
3895280179
3895357444
3895434709
3895508164
3895582844
3895652114
3895714799
3895781134
3895854663
3895916068
3895982058
3896057423
3896133713
3896192033
3896257804
3896332378
3896408903
3896480118
3896548413
3896624923
3896700094
3896744533
3896809513
3896882893
3896931198
3896997548
3897071448
3897142713
3897202708
3897263004
3897333473
3897395303
3897461033
3897535198
3897587119
3897653683
3897714278
3897778758
3897852423
3897907218
3897972573
3898043768
3898083858
3898146833
3898217888
3898289903
3898329619
3898393058
3898464534
3898524643
3898586358
3898656958
3898720693
3898787533
3898858163
3898928373
3898984483
3899049008
3899113379
3899180853
3899252528
3899305298
3899371379
3899433178
3899501098
3899576598
3899651973
3899696608
3899762248
3899837138
3899901548
3899967923
3900041263
3900114978
3900156893
3900224743
3900299893
3900372798
3900433139
3900493163
3900565673
3900622073
3900686788
3900761113
3900837138
3900912103
3900952448
3901016793
3901090523
3901144068
3901210108
3901275273
3901342593
3901415749
3901465393
3901532628
3901605888
3901645848
3901711173
3901785788
3901848593
3901918138
3901979194
3902042273
3902112863
3902176043
3902243048
3902314458
3902386183
3902425558
3902488338
3902561083
3902614678
3902680223
3902753563
3902795093
3902863023
3902937873
3903011283
3903073618
3903141898
3903207938
3903274908
3903347823
3903391959
3903456918
3903530259
3903582903
3903648358
3903722488
3903781713
3903846198
3903917848
3903978013
3904039193
3904109748
3904174528
3904241378
3904314093
3904358993
3904422533
3904494108
3904543688
3904610838
3904683608
3904723018
3904786553
3904859323
3904917983
3904980233
3905052683
3905096888
3905162133
3905235903
3905284663
3905351448
3905425153
3905495603
3905555783
3905618503
3905692073
3905744623
3905809898
3905883998
3905956468
3906012603
3906079653
3906154638
3906227488
