3408452631
3408526431
3408587975
3408654985
3408727615
3408776141
3408842490
3408914790
3408986096
3409037225
3409100805
3409173550
3409244091
3409316961
3409390666
3409462500
3409535191
3409608165
3409670455
3409736631
3409808730
3409880185
3409922005
3409988670
3410062570
3410137705
3410213905
3410256525
3410322700
3410397500
3410457530
3410519345
3410592305
3410662926
3410735565
3410809785
3410885310
3410927315
3410991206
3411064811
3411112715
3411179540
3411247821
3411319715
3411376436
3411439021
3411510800
3411554935
3411618975
3411691200
3411737260
3411801205
3411875316
3411950090
3411999325
3412063876
3412136675
3412206291
3412279745
3412348905
3412422825
3412481655
3412548805
3412613681
3412680436
3412753270
3412794495
3412857605
3412929220
3412988121
3413049210
3413118806
3413177420
3413240616
3413312175
3413352716
3413417505
3413489955
3413540650
3413606320
3413665871
3413728725
3413796606
3413869401
3413933535
3413999450
3414073015
3414114765
3414179180
3414252895
3414302261
3414367676
3414440770
3414514510
3414588920
3414630280
3414693771
3414767486
3414827360
3414889645
3414959235
3415023665
3415089520
3415163480
3415205036
3415268805
3415341685
3415396940
3415460365
3415533800
3415602530
3415675330
3415726105
3415790800
3415864300
3415934560
3416008410
3416085415
3416158995
3416209185
3416274165
3416346585
3416416945
3416479480
3416546980
3416619645
3416671255
3416736530
3416798980
3416864670
3416935345
3417007725
3417080810
3417127130
3417192645
3417266180
3417341510
3417381805
3417444560
3417519120
3417564245
3417628580
3417702470
3417778880
3417822560
3417890375
3417964355
3418036805
3418109915
3418179865
3418240410
3418305490
3418378640
3418430025
3418494555
3418566475
3418627675
3418695325
3418770140
3418845680
3418918560
3418990915
3419044875
3419110250
3419184095
3419225335
3419290150
3419363195
3419419995
3419484935
3419545290
3419610215
3419682045
3419735905
3419799065
3419872945
3419939225
3420005130
3420079325
3420119845
3420182245
3420253545
3420316610
3420383645
3420457645
3420504720
3420569690
3420643375
3420718170
3420758450
3420820795
3420893015
3420955080
3421022470
3421095855
3421149295
3421213540
3421277135
3421344080
3421417870
3421460585
3421527105
3421600915
3421675885
3421749180
3421810530
3421877470
3421949935
3422014035
3422080730
3422154190
3422196350
3422262915
3422335560
3422396695
3422464475
3422536695
3422586685
3422652315
3422713760
3422779550
3422850980
3422922260
3422979840
3423041465
3423114915
3423155125
3423219555
3423292405
3423341660
3423408150
3423476875
3423550920
3423597055
3423661045
3423736045
3423811825
3423857265
3423921050
3423995520
3424071260
3424113785
3424177115
3424249855
3424305400
3424368830
3424442260
3424510610
3424584770
3424656185
3424729745
3424801625
3424875145
3424950135
3425010555
3425072680
3425147435
3425188790
3425251980
3425323815
3425383820
3425446730
3425514195
3425587475
3425657115
3425730325
3425772420
3425837790
3425912795
3425962745
3426028860
3426102280
3426175625
3426235630
3426297615
3426366505
3426439820
3426509935
3426583685
3426625980
3426692705
3426764655
3426823645
3426885205
3426954905
3427011760
3427078370
3427152095
3427192625
3427257055
3427327945
3427401020
3427473565
3427538935
3427604410
3427678220
3427719340
3427783140
3427856065
3427914395
3427974620
3428047350
3428088095
3428153295
3428224215
3428284100
3428348000
3428422145
3428463940
3428528665
3428602835
3428648465
3428712685
3428787245
3428851220
3428917770
3428988720
3429060940
3429101735
3429167895
3429242610
3429318510
3429391125
3429436085
3429500795
3429573085
3429630255
3429692735
3429764540
3429806410
3429871110
3429944715
3430000950
3430064390
3430138470
3430207255
3430281825
3430358720
3430428635
3430502310
3430573670
3430647585
3430717630
3430792550
3430869355
3430941400
3431016485
3431086490
3431161435
3431210085
3431275905
3431348700
3431418950
3431493245
3431566375
3431639890
3431714330
3431776080
3431839245
3431911805
3431957600
3432021515
3432095875
3432139830
3432204055
3432277160
3432320725
3432386110
3432460995
3432535675
3432590230
3432653710
3432724575
3432766865
3432832580
3432907250
3432983075
3433043680
3433106105
3433178770
3433227695
3433291465
3433366000
3433442580
3433519500
3433578740
3433638780
3433711305
3433752310
3433816965
3433890750
3433947420
3434012835
3434073440
3434138725
3434209605
3434272200
3434338455
3434408705
3434481955
3434556880
3434600665
3434664990
3434737155
3434784905
3434849420
3434923755
3434999035
3435039250
3435101725
3435172675
3435245370
3435317270
3435390630
3435466260
3435529995
3435599430
3435673735
3435746955
3435788745
3435852635
3435926160
3435973605
3436038655
3436112970
3436189535
3436242775
3436306105
3436380705
3436436415
3436500345
3436574115
3436646255
3436720295
3436791950
3436866475
3436928165
3436989895
3437060575
3437112935
3437176660
3437251105
3437327070
3437368235
3437430825
3437506085
3437563285
3437630605
3437678180
3437742405
3437817220
3437879410
3437942040
3438012690
3438066080
3438129435
3438203480
3438244435
3438307495
3438380355
3438433460
3438497400
3438570695
3438640765
3438714205
3438783320
3438858135
3438930670
3438992520
3439058135
3439128735
3439191645
3439258810
3439331045
3439396400
3439463979
3439538664
3439580315
3439643829
3439716889
3439765485
3439831174
3439904639
3439975209
3440050044
3440126794
3440172190
3440239459
3440313429
3440384534
3440457934
3440526749
3440601134
3440674269
3440738244
3440805924
3440881184
3440928644
3440993359
3441068329
3441139374
3441213190
3441287839
3441357239
3441432169
3441496194
3441563709
3441634399
3441698444
3441765584
3441837409
3441883544
3441947465
3442022029
3442063680
3442129949
3442202534
3442262744
3442328004
3442394574
3442468574
3442542024
3442615924
3442691880
3442733794
3442798899
3442872940
3442932080
3442992749
3443064170
3443106959
3443173709
3443246339
3443303349
3443365739
3443437434
3443486214
3443549759
3443624904
3443689439
3443758699
3443833984
3443910794
3443965264
3444029540
3444102859
3444144019
3444208674
3444281609
3444333820
3444398799
3444467749
3444541424
3444598199
3444661849
3444734225
3444780689
3444844709
3444919844
3444966830
3445032974
3445106754
3445182924
3445223794
3445286479
3445358914
3445430014
3445488499
3445550019
3445621584
3445666099
3445730704
3445803510
3445847550
3445912674
3445987084
3446028724
3446093985
3446169409
3446246344
3446297169
3446360649
3446435900
3446477900
3446544099
3446619184
3446691474
3446764644
3446805109
3446868010
3446939914
3447003530
3447070774
3447145559
3447192749
3447257324
3447331834
3447408604
3447472194
3447536469
3447610584
3447682934
3447738749
3447802069
3447873974
3447921454
3447985444
3448060589
3448136704
3448177874
3448240484
3448312899
3448385419
3448459229
3448529999
3448602369
3448661969
3448724694
3448792829
3448865999
3448935319
3449007399
3449065239
3449128454
3449199204
3449253059
3449317014
3449389299
3449430759
3449495314
3449569189
3449629434
3449695229
3449766374
3449829984
3449897054
3449969044
3450028509
3450090264
3450158804
3450233034
3450305959
3450380239
3450446594
3450514394
3450589304
3450632959
3450698829
3450773704
3450822584
3450888639
3450963174
3451038939
3451078969
3451141119
3451213284
3451279994
3451352039
3451425944
3451497549
3451570724
3451639779
3451715014
3451774329
3451834409
3451908624
3451951559
3452018724
3452093369
3452166779
3452239809
